------------------------------------------------------------------------------------------------------------------------------
      name:  <unnamed>
       log:  /home/rcerxa13/research/seur/data/logfiles/prep_panels.txt
  log type:  text
 opened on:  14 Sep 2023, 19:29:19

. 
. qui{


CORE PANEL 1996


SU: Wave of |
       data |
 collection |      Freq.     Percent        Cum.
------------+-----------------------------------
          1 |    380,609        9.77        9.77
          2 |    362,190        9.29       19.06
          3 |    353,876        9.08       28.14
          4 |    343,873        8.82       36.96
          5 |    330,716        8.49       45.45
          6 |    320,622        8.23       53.68
          7 |    311,758        8.00       61.68
          8 |    307,877        7.90       69.58
          9 |    302,051        7.75       77.33
         10 |    297,509        7.63       84.96
         11 |    293,347        7.53       92.49
         12 |    292,783        7.51      100.00
------------+-----------------------------------
      Total |  3,897,211      100.00

+-----------------+
| Key             |
|-----------------|
|    frequency    |
| cell percentage |
+-----------------+

  SU: Wave |
   of data |       SU: Rotation of data collection
collection |         1          2          3          4 |     Total
-----------+--------------------------------------------+----------
         1 |    96,026     95,368     95,522     93,693 |   380,609 
           |      2.46       2.45       2.45       2.40 |      9.77 
-----------+--------------------------------------------+----------
         2 |    89,928     91,080     91,348     89,834 |   362,190 
           |      2.31       2.34       2.34       2.31 |      9.29 
-----------+--------------------------------------------+----------
         3 |    88,010     88,820     88,891     88,155 |   353,876 
           |      2.26       2.28       2.28       2.26 |      9.08 
-----------+--------------------------------------------+----------
         4 |    86,124     86,583     86,109     85,057 |   343,873 
           |      2.21       2.22       2.21       2.18 |      8.82 
-----------+--------------------------------------------+----------
         5 |    82,351     83,266     83,448     81,651 |   330,716 
           |      2.11       2.14       2.14       2.10 |      8.49 
-----------+--------------------------------------------+----------
         6 |    79,977     80,437     80,156     80,052 |   320,622 
           |      2.05       2.06       2.06       2.05 |      8.23 
-----------+--------------------------------------------+----------
         7 |    77,734     78,288     78,693     77,043 |   311,758 
           |      1.99       2.01       2.02       1.98 |      8.00 
-----------+--------------------------------------------+----------
         8 |    76,279     77,148     77,860     76,590 |   307,877 
           |      1.96       1.98       2.00       1.97 |      7.90 
-----------+--------------------------------------------+----------
         9 |    74,778     75,938     75,618     75,717 |   302,051 
           |      1.92       1.95       1.94       1.94 |      7.75 
-----------+--------------------------------------------+----------
        10 |    73,995     74,272     75,237     74,005 |   297,509 
           |      1.90       1.91       1.93       1.90 |      7.63 
-----------+--------------------------------------------+----------
        11 |    72,386     73,829     73,926     73,206 |   293,347 
           |      1.86       1.89       1.90       1.88 |      7.53 
-----------+--------------------------------------------+----------
        12 |    72,007     73,381     73,979     73,416 |   292,783 
           |      1.85       1.88       1.90       1.88 |      7.51 
-----------+--------------------------------------------+----------
     Total |   969,595    978,410    980,787    968,419 | 3,897,211 
           |     24.88      25.11      25.17      24.85 |    100.00 

   __000001 |      Freq.     Percent        Cum.
------------+-----------------------------------
          0 |     35,665       39.29       39.29
          1 |     55,118       60.71      100.00
------------+-----------------------------------
      Total |     90,783      100.00

maxgaplengt |
          h |      Freq.     Percent        Cum.
------------+-----------------------------------
          0 |     46,759       84.83       84.83
          1 |      7,593       13.78       98.61
          2 |        508        0.92       99.53
          3 |        115        0.21       99.74
          4 |         57        0.10       99.84
          5 |         41        0.07       99.92
          6 |         27        0.05       99.97
          7 |         10        0.02       99.99
          8 |          6        0.01      100.00
          9 |          1        0.00      100.00
         10 |          1        0.00      100.00
------------+-----------------------------------
      Total |     55,118      100.00

    attrite |      Freq.     Percent        Cum.
------------+-----------------------------------
          0 |     35,538       64.48       64.48
          1 |     19,580       35.52      100.00
------------+-----------------------------------
      Total |     55,118      100.00
(variable mdate was int, now float to accommodate using data's values)

    Result                      Number of obs
    -----------------------------------------
    Not matched                           652
        from master                         0  (_merge==1)
        from using                        652  (_merge==2)

    Matched                         1,891,430  (_merge==3)
    -----------------------------------------

     ED: Highest |
 Degree received |
        or grade |      Freq.     Percent        Cum.
-----------------+-----------------------------------
    less than HS |      7,218       13.10       13.10
     HS graduate |     19,259       34.94       48.04
    some college |      9,430       17.11       65.15
college graduate |     15,117       27.43       92.57
   post-graduate |      4,094        7.43      100.00
-----------------+-----------------------------------
           Total |     55,118      100.00

PE: Race of |
this person |      Freq.     Percent        Cum.
------------+-----------------------------------
      white |     45,436       82.43       82.43
  non-white |      9,682       17.57      100.00
------------+-----------------------------------
      Total |     55,118      100.00

 PE: Sex of |
this person |      Freq.     Percent        Cum.
------------+-----------------------------------
        man |     26,738       48.51       48.51
      woman |     28,380       51.49      100.00
------------+-----------------------------------
      Total |     55,118      100.00

PE: Marital |
     status |      Freq.     Percent        Cum.
------------+-----------------------------------
not married |     21,597       39.18       39.18
    married |     33,521       60.82      100.00
------------+-----------------------------------
      Total |     55,118      100.00


CORE PANEL 2001


SU: Wave of |
       data |
 collection |      Freq.     Percent        Cum.
------------+-----------------------------------
          1 |    361,046       14.01       14.01
          2 |    289,300       11.22       25.23
          3 |    283,991       11.02       36.24
          4 |    282,062       10.94       47.18
          5 |    277,247       10.75       57.94
          6 |    275,992       10.71       68.65
          7 |    274,651       10.65       79.30
          8 |    269,906       10.47       89.77
          9 |    263,747       10.23      100.00
------------+-----------------------------------
      Total |  2,577,942      100.00

+-----------------+
| Key             |
|-----------------|
|    frequency    |
| cell percentage |
+-----------------+

  SU: Wave |
   of data |       SU: Rotation of data collection
collection |         1          2          3          4 |     Total
-----------+--------------------------------------------+----------
         1 |    91,358     90,472     89,711     89,505 |   361,046 
           |      3.54       3.51       3.48       3.47 |     14.01 
-----------+--------------------------------------------+----------
         2 |    72,065     72,370     72,068     72,797 |   289,300 
           |      2.80       2.81       2.80       2.82 |     11.22 
-----------+--------------------------------------------+----------
         3 |    70,911     71,214     70,479     71,387 |   283,991 
           |      2.75       2.76       2.73       2.77 |     11.02 
-----------+--------------------------------------------+----------
         4 |    70,553     70,642     70,288     70,579 |   282,062 
           |      2.74       2.74       2.73       2.74 |     10.94 
-----------+--------------------------------------------+----------
         5 |    69,298     70,109     68,121     69,719 |   277,247 
           |      2.69       2.72       2.64       2.70 |     10.75 
-----------+--------------------------------------------+----------
         6 |    69,889     69,482     67,525     69,096 |   275,992 
           |      2.71       2.70       2.62       2.68 |     10.71 
-----------+--------------------------------------------+----------
         7 |    68,959     68,893     68,379     68,420 |   274,651 
           |      2.67       2.67       2.65       2.65 |     10.65 
-----------+--------------------------------------------+----------
         8 |    68,102     67,939     66,552     67,313 |   269,906 
           |      2.64       2.64       2.58       2.61 |     10.47 
-----------+--------------------------------------------+----------
         9 |    64,288     66,696     66,353     66,410 |   263,747 
           |      2.49       2.59       2.57       2.58 |     10.23 
-----------+--------------------------------------------+----------
     Total |   645,423    647,817    639,476    645,226 | 2,577,942 
           |     25.04      25.13      24.81      25.03 |    100.00 

   __000004 |      Freq.     Percent        Cum.
------------+-----------------------------------
          0 |     31,694       38.87       38.87
          1 |     49,846       61.13      100.00
------------+-----------------------------------
      Total |     81,540      100.00

maxgaplengt |
          h |      Freq.     Percent        Cum.
------------+-----------------------------------
          0 |     41,827       83.91       83.91
          1 |      5,227       10.49       94.40
          2 |      1,496        3.00       97.40
          3 |        624        1.25       98.65
          4 |        389        0.78       99.43
          5 |        153        0.31       99.74
          6 |         89        0.18       99.92
          7 |         41        0.08      100.00
------------+-----------------------------------
      Total |     49,846      100.00

    attrite |      Freq.     Percent        Cum.
------------+-----------------------------------
          0 |     32,050       64.30       64.30
          1 |     17,796       35.70      100.00
------------+-----------------------------------
      Total |     49,846      100.00
(variable mdate was int, now float to accommodate using data's values)

    Result                      Number of obs
    -----------------------------------------
    Not matched                           664
        from master                         0  (_merge==1)
        from using                        664  (_merge==2)

    Matched                         1,253,291  (_merge==3)
    -----------------------------------------

     ED: Highest |
 Degree received |
      or grade c |      Freq.     Percent        Cum.
-----------------+-----------------------------------
    less than HS |      6,512       13.06       13.06
     HS graduate |     15,140       30.37       43.44
    some college |      9,074       18.20       61.64
college graduate |     14,828       29.75       91.39
   post-graduate |      4,292        8.61      100.00
-----------------+-----------------------------------
           Total |     49,846      100.00

PE: Race of |
this person |      Freq.     Percent        Cum.
------------+-----------------------------------
      white |     40,514       81.28       81.28
  non-white |      9,332       18.72      100.00
------------+-----------------------------------
      Total |     49,846      100.00

 PE: Sex of |
this person |      Freq.     Percent        Cum.
------------+-----------------------------------
        man |     24,182       48.51       48.51
      woman |     25,664       51.49      100.00
------------+-----------------------------------
      Total |     49,846      100.00

PE: Marital |
     status |      Freq.     Percent        Cum.
------------+-----------------------------------
not married |     19,400       38.92       38.92
    married |     30,446       61.08      100.00
------------+-----------------------------------
      Total |     49,846      100.00


CORE PANEL 2004


SU: Wave of |
       data |
 collection |      Freq.     Percent        Cum.
------------+-----------------------------------
          1 |    441,849       11.60       11.60
          2 |    413,025       10.84       22.45
          3 |    398,992       10.48       32.92
          4 |    391,844       10.29       43.21
          5 |    382,778       10.05       53.26
          6 |    377,735        9.92       63.18
          7 |    371,284        9.75       72.93
          8 |    366,682        9.63       82.55
          9 |    171,188        4.49       87.05
         10 |    167,049        4.39       91.43
         11 |    162,638        4.27       95.71
         12 |    163,576        4.29      100.00
------------+-----------------------------------
      Total |  3,808,640      100.00

+-----------------+
| Key             |
|-----------------|
|    frequency    |
| cell percentage |
+-----------------+

  SU: Wave |
   of data |       SU: Rotation of data collection
collection |         1          2          3          4 |     Total
-----------+--------------------------------------------+----------
         1 |   109,812    109,838    113,099    109,100 |   441,849 
           |      2.88       2.88       2.97       2.86 |     11.60 
-----------+--------------------------------------------+----------
         2 |   102,406    102,184    106,200    102,235 |   413,025 
           |      2.69       2.68       2.79       2.68 |     10.84 
-----------+--------------------------------------------+----------
         3 |   100,316     98,762    101,679     98,235 |   398,992 
           |      2.63       2.59       2.67       2.58 |     10.48 
-----------+--------------------------------------------+----------
         4 |    96,579     97,122    101,155     96,988 |   391,844 
           |      2.54       2.55       2.66       2.55 |     10.29 
-----------+--------------------------------------------+----------
         5 |    95,363     94,333     99,387     93,695 |   382,778 
           |      2.50       2.48       2.61       2.46 |     10.05 
-----------+--------------------------------------------+----------
         6 |    93,256     92,969     97,308     94,202 |   377,735 
           |      2.45       2.44       2.55       2.47 |      9.92 
-----------+--------------------------------------------+----------
         7 |    91,877     91,795     95,665     91,947 |   371,284 
           |      2.41       2.41       2.51       2.41 |      9.75 
-----------+--------------------------------------------+----------
         8 |    91,251     91,583     95,003     88,845 |   366,682 
           |      2.40       2.40       2.49       2.33 |      9.63 
-----------+--------------------------------------------+----------
         9 |    42,196     42,867     44,028     42,097 |   171,188 
           |      1.11       1.13       1.16       1.11 |      4.49 
-----------+--------------------------------------------+----------
        10 |    41,237     41,597     43,195     41,020 |   167,049 
           |      1.08       1.09       1.13       1.08 |      4.39 
-----------+--------------------------------------------+----------
        11 |    40,257     41,017     41,711     39,653 |   162,638 
           |      1.06       1.08       1.10       1.04 |      4.27 
-----------+--------------------------------------------+----------
        12 |    40,165     40,856     42,085     40,470 |   163,576 
           |      1.05       1.07       1.10       1.06 |      4.29 
-----------+--------------------------------------------+----------
     Total |   944,715    944,923    980,515    938,487 | 3,808,640 
           |     24.80      24.81      25.74      24.64 |    100.00 

   __000007 |      Freq.     Percent        Cum.
------------+-----------------------------------
          0 |     41,948       40.24       40.24
          1 |     62,303       59.76      100.00
------------+-----------------------------------
      Total |    104,251      100.00

maxgaplengt |
          h |      Freq.     Percent        Cum.
------------+-----------------------------------
          0 |     48,337       77.58       77.58
          1 |      8,699       13.96       91.55
          2 |      2,683        4.31       95.85
          3 |      1,171        1.88       97.73
          4 |        609        0.98       98.71
          5 |        321        0.52       99.22
          6 |        217        0.35       99.57
          7 |        108        0.17       99.75
          8 |         83        0.13       99.88
          9 |         54        0.09       99.97
         10 |         21        0.03      100.00
------------+-----------------------------------
      Total |     62,303      100.00

    attrite |      Freq.     Percent        Cum.
------------+-----------------------------------
          0 |     44,194       70.93       70.93
          1 |     18,109       29.07      100.00
------------+-----------------------------------
      Total |     62,303      100.00
(variable mdate was int, now float to accommodate using data's values)

    Result                      Number of obs
    -----------------------------------------
    Not matched                           652
        from master                         0  (_merge==1)
        from using                        652  (_merge==2)

    Matched                         1,832,963  (_merge==3)
    -----------------------------------------

     ED: Highest |
 Degree received |
        or grade |
       completed |      Freq.     Percent        Cum.
-----------------+-----------------------------------
    less than HS |      6,751       10.84       10.84
     HS graduate |     16,518       26.51       37.35
    some college |     10,655       17.10       54.45
college graduate |     22,943       36.82       91.27
   post-graduate |      5,436        8.73      100.00
-----------------+-----------------------------------
           Total |     62,303      100.00

    PE: The |
race(s) the |
 respondent |
         is |      Freq.     Percent        Cum.
------------+-----------------------------------
      white |     49,814       79.95       79.95
  non-white |     12,489       20.05      100.00
------------+-----------------------------------
      Total |     62,303      100.00

 PE: Sex of |
this person |      Freq.     Percent        Cum.
------------+-----------------------------------
        man |     30,082       48.28       48.28
      woman |     32,221       51.72      100.00
------------+-----------------------------------
      Total |     62,303      100.00

PE: Marital |
     status |      Freq.     Percent        Cum.
------------+-----------------------------------
not married |     24,989       40.11       40.11
    married |     37,314       59.89      100.00
------------+-----------------------------------
      Total |     62,303      100.00


CORE PANEL 2008


SU: Wave of |
       data |
 collection |      Freq.     Percent        Cum.
------------+-----------------------------------
          1 |    346,158        7.02        7.02
          2 |    337,312        6.84       13.86
          3 |    336,072        6.82       20.68
          4 |    332,688        6.75       27.43
          5 |    338,325        6.86       34.29
          6 |    327,671        6.65       40.94
          7 |    320,282        6.50       47.43
          8 |    319,980        6.49       53.92
          9 |    312,033        6.33       60.25
         10 |    303,168        6.15       66.40
         11 |    300,494        6.09       72.50
         12 |    295,875        6.00       78.50
         13 |    291,930        5.92       84.42
         14 |    290,768        5.90       90.32
         15 |    281,988        5.72       96.03
         16 |    195,495        3.97      100.00
------------+-----------------------------------
      Total |  4,930,239      100.00

+-----------------+
| Key             |
|-----------------|
|    frequency    |
| cell percentage |
+-----------------+

  SU: Wave |
   of data |       SU: Rotation of data collection
collection |         1          2          3          4 |     Total
-----------+--------------------------------------------+----------
         1 |    86,317     87,832     86,192     85,817 |   346,158 
           |      1.75       1.78       1.75       1.74 |      7.02 
-----------+--------------------------------------------+----------
         2 |    83,214     85,320     84,490     84,288 |   337,312 
           |      1.69       1.73       1.71       1.71 |      6.84 
-----------+--------------------------------------------+----------
         3 |    84,039     85,039     83,742     83,252 |   336,072 
           |      1.70       1.72       1.70       1.69 |      6.82 
-----------+--------------------------------------------+----------
         4 |    83,372     84,027     82,880     82,409 |   332,688 
           |      1.69       1.70       1.68       1.67 |      6.75 
-----------+--------------------------------------------+----------
         5 |    83,785     85,037     84,993     84,510 |   338,325 
           |      1.70       1.72       1.72       1.71 |      6.86 
-----------+--------------------------------------------+----------
         6 |    82,072     82,818     81,606     81,175 |   327,671 
           |      1.66       1.68       1.66       1.65 |      6.65 
-----------+--------------------------------------------+----------
         7 |    80,645     81,133     79,811     78,693 |   320,282 
           |      1.64       1.65       1.62       1.60 |      6.50 
-----------+--------------------------------------------+----------
         8 |    79,834     80,412     80,246     79,488 |   319,980 
           |      1.62       1.63       1.63       1.61 |      6.49 
-----------+--------------------------------------------+----------
         9 |    79,560     79,285     76,605     76,583 |   312,033 
           |      1.61       1.61       1.55       1.55 |      6.33 
-----------+--------------------------------------------+----------
        10 |    76,702     77,256     75,253     73,957 |   303,168 
           |      1.56       1.57       1.53       1.50 |      6.15 
-----------+--------------------------------------------+----------
        11 |    75,865     76,315     74,177     74,137 |   300,494 
           |      1.54       1.55       1.50       1.50 |      6.09 
-----------+--------------------------------------------+----------
        12 |    74,209     74,984     73,691     72,991 |   295,875 
           |      1.51       1.52       1.49       1.48 |      6.00 
-----------+--------------------------------------------+----------
        13 |    72,888     74,330     72,995     71,717 |   291,930 
           |      1.48       1.51       1.48       1.45 |      5.92 
-----------+--------------------------------------------+----------
        14 |    72,568     74,157     72,925     71,118 |   290,768 
           |      1.47       1.50       1.48       1.44 |      5.90 
-----------+--------------------------------------------+----------
        15 |    69,989     71,955     70,979     69,065 |   281,988 
           |      1.42       1.46       1.44       1.40 |      5.72 
-----------+--------------------------------------------+----------
        16 |    68,250          0     64,411     62,834 |   195,495 
           |      1.38       0.00       1.31       1.27 |      3.97 
-----------+--------------------------------------------+----------
     Total | 1,253,309  1,199,900  1,244,996  1,232,034 | 4,930,239 
           |     25.42      24.34      25.25      24.99 |    100.00 

   __00000A |      Freq.     Percent        Cum.
------------+-----------------------------------
          0 |     35,778       44.23       44.23
          1 |     45,120       55.77      100.00
------------+-----------------------------------
      Total |     80,898      100.00

maxgaplengt |
          h |      Freq.     Percent        Cum.
------------+-----------------------------------
          0 |     28,862       63.97       63.97
          1 |      9,529       21.12       85.09
          2 |      3,036        6.73       91.82
          3 |      1,452        3.22       95.03
          4 |        820        1.82       96.85
          5 |        479        1.06       97.91
          6 |        359        0.80       98.71
          7 |        252        0.56       99.27
          8 |        134        0.30       99.56
          9 |        101        0.22       99.79
         10 |         59        0.13       99.92
         11 |         20        0.04       99.96
         12 |         16        0.04      100.00
         13 |          1        0.00      100.00
------------+-----------------------------------
      Total |     45,120      100.00

    attrite |      Freq.     Percent        Cum.
------------+-----------------------------------
          0 |     32,948       73.02       73.02
          1 |     12,172       26.98      100.00
------------+-----------------------------------
      Total |     45,120      100.00
(variable mdate was int, now float to accommodate using data's values)

    Result                      Number of obs
    -----------------------------------------
    Not matched                           636
        from master                         0  (_merge==1)
        from using                        636  (_merge==2)

    Matched                         2,276,777  (_merge==3)
    -----------------------------------------

     ED: Highest |
 Degree received |
        or grade |
       completed |      Freq.     Percent        Cum.
-----------------+-----------------------------------
    less than HS |      4,464        9.89        9.89
     HS graduate |     11,595       25.70       35.59
    some college |      6,443       14.28       49.87
college graduate |     18,287       40.53       90.40
   post-graduate |      4,331        9.60      100.00
-----------------+-----------------------------------
           Total |     45,120      100.00

    PE: The |
race(s) the |
 respondent |
         is |      Freq.     Percent        Cum.
------------+-----------------------------------
      white |     35,717       79.16       79.16
  non-white |      9,403       20.84      100.00
------------+-----------------------------------
      Total |     45,120      100.00

 PE: Sex of |
this person |      Freq.     Percent        Cum.
------------+-----------------------------------
        man |     21,650       47.98       47.98
      woman |     23,470       52.02      100.00
------------+-----------------------------------
      Total |     45,120      100.00

PE: Marital |
     status |      Freq.     Percent        Cum.
------------+-----------------------------------
not married |     18,684       41.41       41.41
    married |     26,436       58.59      100.00
------------+-----------------------------------
      Total |     45,120      100.00

ASSET PANEL 1996:

SU: Wave of |
       data |
 collection |      Freq.     Percent        Cum.
------------+-----------------------------------
          3 |     88,755       27.93       27.93
          6 |     80,245       25.25       53.18
          9 |     75,523       23.77       76.95
         12 |     73,257       23.05      100.00
------------+-----------------------------------
      Total |    317,780      100.00

+-----------------+
| Key             |
|-----------------|
|    frequency    |
| cell percentage |
+-----------------+

  SU: Wave |
   of data |       SU: Rotation of data collection
collection |         1          2          3          4 |     Total
-----------+--------------------------------------------+----------
         3 |    22,082     22,283     22,290     22,100 |    88,755 
           |      6.95       7.01       7.01       6.95 |     27.93 
-----------+--------------------------------------------+----------
         6 |    20,033     20,127     20,046     20,039 |    80,245 
           |      6.30       6.33       6.31       6.31 |     25.25 
-----------+--------------------------------------------+----------
         9 |    18,693     18,984     18,927     18,919 |    75,523 
           |      5.88       5.97       5.96       5.95 |     23.77 
-----------+--------------------------------------------+----------
        12 |    18,020     18,364     18,510     18,363 |    73,257 
           |      5.67       5.78       5.82       5.78 |     23.05 
-----------+--------------------------------------------+----------
     Total |    78,828     79,758     79,773     79,421 |   317,780 
           |     24.81      25.10      25.10      24.99 |    100.00 

    attrite |      Freq.     Percent        Cum.
------------+-----------------------------------
          0 |     60,955       59.63       59.63
          1 |     41,271       40.37      100.00
------------+-----------------------------------
      Total |    102,226      100.00

ASSET PANEL 2001:

SU: Wave of |
       data |
 collection |      Freq.     Percent        Cum.
------------+-----------------------------------
          3 |     71,280       34.55       34.55
          6 |     69,143       33.51       68.06
          9 |     65,901       31.94      100.00
------------+-----------------------------------
      Total |    206,324      100.00

+-----------------+
| Key             |
|-----------------|
|    frequency    |
| cell percentage |
+-----------------+

  SU: Wave |
   of data |       SU: Rotation of data collection
collection |         1          2          3          4 |     Total
-----------+--------------------------------------------+----------
         3 |    17,818     17,854     17,691     17,917 |    71,280 
           |      8.64       8.65       8.57       8.68 |     34.55 
-----------+--------------------------------------------+----------
         6 |    17,526     17,416     16,914     17,287 |    69,143 
           |      8.49       8.44       8.20       8.38 |     33.51 
-----------+--------------------------------------------+----------
         9 |    16,056     16,654     16,593     16,598 |    65,901 
           |      7.78       8.07       8.04       8.04 |     31.94 
-----------+--------------------------------------------+----------
     Total |    51,400     51,924     51,198     51,802 |   206,324 
           |     24.91      25.17      24.81      25.11 |    100.00 

    attrite |      Freq.     Percent        Cum.
------------+-----------------------------------
          0 |     54,739       66.19       66.19
          1 |     27,964       33.81      100.00
------------+-----------------------------------
      Total |     82,703      100.00

ASSET PANEL 2004:

SU: Wave of |
       data |
 collection |      Freq.     Percent        Cum.
------------+-----------------------------------
          3 |     99,978       51.38       51.38
          6 |     94,617       48.62      100.00
------------+-----------------------------------
      Total |    194,595      100.00

+-----------------+
| Key             |
|-----------------|
|    frequency    |
| cell percentage |
+-----------------+

  SU: Wave |
   of data |       SU: Rotation of data collection
collection |         1          2          3          4 |     Total
-----------+--------------------------------------------+----------
         3 |    25,121     24,750     25,498     24,609 |    99,978 
           |     12.91      12.72      13.10      12.65 |     51.38 
-----------+--------------------------------------------+----------
         6 |    23,371     23,297     24,387     23,562 |    94,617 
           |     12.01      11.97      12.53      12.11 |     48.62 
-----------+--------------------------------------------+----------
     Total |    48,492     48,047     49,885     48,171 |   194,595 
           |     24.92      24.69      25.64      24.75 |    100.00 

    attrite |      Freq.     Percent        Cum.
------------+-----------------------------------
          0 |     83,736       75.53       75.53
          1 |     27,123       24.47      100.00
------------+-----------------------------------
      Total |    110,859      100.00

ASSET PANEL 2008:

SU: Wave of |
       data |
 collection |      Freq.     Percent        Cum.
------------+-----------------------------------
          4 |     91,219       35.64       35.64
          7 |     85,397       33.37       69.01
         10 |     79,321       30.99      100.00
------------+-----------------------------------
      Total |    255,937      100.00

+-----------------+
| Key             |
|-----------------|
|    frequency    |
| cell percentage |
+-----------------+

  SU: Wave |
   of data |       SU: Rotation of data collection
collection |         1          2          3          4 |     Total
-----------+--------------------------------------------+----------
         4 |    22,752     23,149     22,648     22,670 |    91,219 
           |      8.89       9.04       8.85       8.86 |     35.64 
-----------+--------------------------------------------+----------
         7 |    21,255     21,739     21,422     20,981 |    85,397 
           |      8.30       8.49       8.37       8.20 |     33.37 
-----------+--------------------------------------------+----------
        10 |    19,929     20,271     19,763     19,358 |    79,321 
           |      7.79       7.92       7.72       7.56 |     30.99 
-----------+--------------------------------------------+----------
     Total |    63,936     65,159     63,833     63,009 |   255,937 
           |     24.98      25.46      24.94      24.62 |    100.00 

    attrite |      Freq.     Percent        Cum.
------------+-----------------------------------
          0 |     63,138       58.86       58.86
          1 |     44,138       41.14      100.00
------------+-----------------------------------
      Total |    107,276      100.00

. 
. log close
      name:  <unnamed>
       log:  /home/rcerxa13/research/seur/data/logfiles/prep_panels.txt
  log type:  text
 closed on:  14 Sep 2023, 20:05:29
------------------------------------------------------------------------------------------------------------------------------
